1.116787156904432976e-01
-4.289217484104637657e-02
4.164418368124460645e-01
1.088113251371118501e-01
6.598567887822670563e-02
7.562200100001023051e-01
-9.639296514009963734e-02
9.091565922041476566e-02
1.884592906970161408e-01
-1.180950393438667395e-01
-5.094385260705536905e-02
5.295844999760840333e-01
-1.436984086924488480e-01
-5.524170001527844986e-02
7.048571406917285564e-01
-1.918291683986582050e-02
9.233684821597641645e-02
3.379135244947720773e-01
-4.570329833266364994e-01
1.962839451648820399e-01
6.254575328442731896e-01
-2.146523788108602726e-01
6.599828649166891714e-02
5.068942070038754411e-01
-3.697243573664999450e-01
6.034462636097784327e-02
7.949022787634758835e-02
-1.418696945317214353e-01
8.585263331718807900e-02
6.355282566897770824e-01
-3.033415874850631799e-01
5.788097522832921782e-02
6.313892099233042732e-01
-1.761208850183806351e-01
1.320930762716640561e-01
3.733545764645812559e-01
8.509642789706306498e-01
-2.769227420650918203e-01
9.154806978240377646e-02
-4.998394376216061530e-01
-2.655647216045884176e-02
-5.288087673273011990e-02
5.355591477841195047e-01
-4.596104095518330213e-02
2.773580212595623262e-01
